,success,amount,female_creator,goal,words,backers_count,serial_entrepreneur,duration,category_art,category_comics,category_crafts,category_dance,category_design,category_fashion,category_film&video,category_food,category_games,category_journalism,category_music,category_photography,category_publishing,category_technology,category_theater,month_january,month_february,month_march,month_april,month_may,month_june,month_july,month_august,month_september,month_october,month_november,month_december,year_2019,year_2020,year_2021,year_2022,media,sustainability,business,empathic,social,drives
success,1.0,0.012064686173904552,0.003608040865164566,-0.10223633819201977,0.1927109096517335,0.11517816750414192,0.2983254506054628,-0.35461697434172795,0.07043736441207347,0.13607755443687186,-0.07361397003242738,0.0063689381507097,0.11214896427350732,-0.0307709793141776,-0.14217640327950024,-0.18256746936528784,0.17100459678720742,-0.09418441426237058,0.020613903178237296,-0.021893575233693077,0.08293291941356887,-0.28563684206806367,-0.024148909412231214,-0.04026374015146167,0.034850128030256534,0.03078991893935278,0.016579187121189966,0.02571465757572316,-0.008797119696957862,-0.00169175378787645,-0.0006767015151504822,-0.006767015151506009,0.012518978030286308,-0.01691753787876557,-0.045339001515091126,-0.05261286350314275,-0.02360671016948146,0.04840367463322328,0.026409809409480768,0.4622340878325118,-0.019792121408631316,-0.13879432806185243,-0.0415414772976098,-0.14603942410909843,-0.07353483957875624
amount,0.012064686173904552,1.0,-0.012005877243402515,0.24621363818194983,0.001038407714500413,0.1323467755327397,0.000113367218089836,-0.002913662280724608,-0.007193684934914856,-0.006184231579895165,-0.0028791071553460443,-0.0009248372270571509,0.00262906231170689,-0.004280547716219775,-0.00533893811647706,-0.004701868302470139,0.03147362661881788,-0.001881372623978427,-0.005536239249565462,-0.0020693514055103927,-0.006285065456282152,-0.0008406518225903233,-0.0019778751278033916,-0.0037921043267101565,-0.003892497994617865,-0.0038323848112848404,-0.0023173545816288256,-0.002175471185753781,-0.0034704008164005468,0.037105275720337505,-0.00386100585988139,-0.0021304341960852857,-0.004702040432491594,-0.004140872284182494,-0.0027907092313004356,0.022009553944530497,-0.0062492513564549245,-0.008308533326606523,-0.00534414550599269,0.008298023176164846,-0.0007617073255534175,-0.00477287895240767,-0.017369714805382047,-0.016317792481258166,-0.009248573808599813
female_creator,0.003608040865164566,-0.012005877243402515,1.0,-0.024552940547764975,-0.08115889015668187,-0.07001514612465229,-0.08542020299418285,-0.008679590112544652,0.24085364058111966,-0.12888742589363145,0.06659347356902987,0.04202987144877238,-0.029982031856995234,0.11732415017858237,-0.03036749732381665,0.0406718353419808,-0.17815423477601516,0.02051128812646512,-0.0204374352087033,0.005940276194979037,0.07363652386777898,-0.08402351355734639,0.018826968357114823,0.015016688523711023,0.0012258521243846976,-0.007048649715211148,-0.02727520976755662,-0.007968038808499518,0.007661575777403512,0.0021452412176728346,-0.007048649715211444,0.01133913215055726,0.01041974305726881,0.0012258521243844285,0.0003064630310960155,-0.018334097629315788,-0.006288795759997327,0.029287820253704036,-0.010368413459012162,-0.02972390403948542,0.05123558733456888,0.10377782905294931,0.11685069931504863,0.11539477306141328,0.037888101281848406
goal,-0.10223633819201977,0.24621363818194983,-0.024552940547764975,1.0,-0.0033676181218120324,0.048326684136007665,-0.03299627561779584,0.08103491590679607,-0.030709664739386088,-0.028479068827589618,-0.010001024155273756,-0.003435423757366868,-0.007460974464677998,-0.014085965688124053,0.037473897476559,0.021893171710764516,-0.007271371584418228,0.018517343160489398,-0.013730643470397931,-0.005570462060374396,-0.023184788453675532,0.08429920962505924,-0.004683676084350022,-0.00033546172331048806,-0.012314757225556866,-0.006056115495575991,-0.007442357786261927,-0.004924975922814521,0.002132705753125219,0.011391403392046646,0.001167045533312463,-0.004999027507224578,-0.005519275642859503,-0.009338186470052485,0.03623900309517204,0.0009155191469031865,0.011801706199217086,-0.007726844830412928,-0.006602208304984809,-0.06656600993758587,0.008494310382563205,0.03487100299055035,-0.01994709131327138,0.014758557264949727,0.0037665666972265845
words,0.1927109096517335,0.001038407714500413,-0.08115889015668187,-0.0033676181218120324,1.0,0.14476820682057492,0.14128152236870015,-0.1014628249600521,-0.08492995611649466,0.04486128670806662,-0.039072436412744965,0.002500858096008387,0.028095518530723222,-0.07676625208583059,-0.016338698150135385,-0.04997681525619802,0.1732265537931213,-0.02646900544182613,-0.1114348301679632,-0.015096633784698993,0.05427610292776815,-0.001808917927280393,-0.026918923960841036,-0.0360970734999496,0.014546475339571194,0.013040621643189396,0.007476337605533212,0.015119794045459961,-0.013128641527495995,-0.020114327750914797,-8.028840798230678e-05,0.015088868140163351,0.030547062957045904,-0.013078684295862683,-0.013320144248758003,-0.034959751889289084,-0.00033823003121089966,0.02519918339748489,0.006120163677679985,0.26245948843950256,0.12550974384001987,-0.09705591349115575,-0.13254440677074927,-0.08937449628301725,-0.03896419408814373
backers_count,0.11517816750414192,0.1323467755327397,-0.07001514612465229,0.048326684136007665,0.14476820682057492,1.0,0.13284134976829468,-0.044384658603865826,-0.05131411007179961,-0.02145574615438365,-0.02612320499890212,-0.008081788454293417,0.08420399104520108,-0.029086278072818644,-0.04460562560678328,-0.03840393207277076,0.17094047559309913,-0.015914119239824533,-0.04154482862310918,-0.01899400729550687,-0.03992650347627508,-0.0068705762122247705,-0.017979484592209265,-0.005145357048972891,0.006190088388040103,-0.005087764560885576,0.01267262313871119,0.012990598565897397,-0.002598308984267082,0.009862488262226254,-0.009121672212408649,0.005633090615928111,-0.01835999399869352,-0.007605070026109726,0.000569277860534247,-0.0018767210292470011,0.03598546102340865,-0.024125408934400343,-0.014018795739619878,0.07858614244153614,0.016578332491458053,-0.02013901242446189,-0.06405387642698213,-0.06747881860150703,0.005970588092292009
serial_entrepreneur,0.2983254506054628,0.000113367218089836,-0.08542020299418285,-0.03299627561779584,0.14128152236870015,0.13284134976829468,1.0,-0.3008243215261105,0.05500987255888813,0.18374165106220275,-0.040845566932647154,0.01050229366052499,0.019256701040561944,0.011996923217965073,-0.12015888831007994,-0.1240841257187776,0.17647824245340002,-0.04802278731929486,-0.0872178077705637,-0.004041982223713301,-0.047946523284102746,-0.1295289057894908,-0.03381508092334026,0.01590070797987733,0.022857267721073573,0.032795210208496746,0.0288200332135274,0.014906913731134785,-0.03677038720346646,0.006956559741196182,-0.03080762171101231,-0.012919325233650289,0.0029813827462269573,-0.027826238964785248,-0.01689450222861958,-0.062229610499318876,-0.01806256929950075,0.025054531608985693,0.061685472201298996,0.2004736928178205,-0.05298038016846142,-0.06302185710829543,-0.09256661266311939,-0.1778045417968475,-0.08029874571636259
duration,-0.35461697434172795,-0.002913662280724608,-0.008679590112544652,0.08103491590679607,-0.1014628249600521,-0.044384658603865826,-0.3008243215261105,1.0,-0.09272578181674526,-0.0658498651843755,0.03621597131703821,0.0017086770184729578,0.013391319164009352,-0.02745599872376196,0.12534922035913543,0.1083885075634922,-0.2009258815348271,0.04142636402068564,0.059394189168043295,-0.012001463327450656,0.0013662933063607978,0.15742590402089138,0.02080242582494358,0.0292299509602268,-0.051161290026810295,-0.02595637133047874,0.009482329301548388,-0.04264354026492382,-0.0010332593684543876,0.009598802146949172,0.01908551878850728,0.014990955743801432,-0.011088344942289052,0.00020362303593486622,0.049291625955988495,0.027027034151568773,-0.010516982216314218,0.005271335545332342,-0.023779660548297724,-0.2561266606661942,0.049585442317275095,0.035159213972386,0.040849608807944984,0.1254125235943335,0.05820284406987957
category_art,0.07043736441207347,-0.007193684934914856,0.24085364058111966,-0.030709664739386088,-0.08492995611649466,-0.05131411007179961,0.05500987255888813,-0.09272578181674526,1.0,-0.13194899798566131,-0.05102342469502553,-0.01675786175908541,-0.10386266253872682,-0.08728433443671889,-0.11308055574681226,-0.09431833588915929,-0.17021286751811693,-0.03460125265219738,-0.10974161339045656,-0.043649319877666994,-0.1308377249865591,-0.11071509679021341,-0.03625951409330505,0.01991548384518995,-0.006491787551746989,0.0027507574371809567,-0.01177324183113444,-0.015734332540674984,0.0014303938673341252,0.0027507574371808895,0.02915802883411788,-0.0012103332723596395,-0.0170546961105218,0.0014303938673340586,-0.005171423981900149,-0.003816338417220567,0.000258043920696149,0.012644152114108883,-0.01321963068604044,0.06717146113952793,-0.033418279127348766,0.09511042538396207,0.029339238537772865,-0.07265921421541041,0.0048609965167128125
category_comics,0.13607755443687186,-0.006184231579895165,-0.12888742589363145,-0.028479068827589618,0.04486128670806662,-0.02145574615438365,0.18374165106220275,-0.0658498651843755,-0.13194899798566131,1.0,-0.048686670322305274,-0.015990390602904875,-0.09910599376746408,-0.08328691459702636,-0.10790172887091425,-0.08999877511616096,-0.16241751342647073,-0.03301659562613747,-0.10471570232133048,-0.04165028238263292,-0.12484566099229523,-0.10564460244184232,-0.034598912543787615,-0.022127167926148043,-0.013915023128814784,0.018933556060518417,0.0011405756662962513,0.029883082456962886,-0.007071569131037117,0.007984029664073964,-0.0015968059328148832,0.02303962845918519,0.003877957265407414,-0.015283713928370257,-0.02486454952525916,-0.0491183934832285,-0.02621389299428965,0.050020387652369026,0.02376081584647789,0.11364789404214864,-0.06364898310221417,-0.13759279490970347,-0.026448762760103148,0.004146507593062764,-0.06333785187496627
category_crafts,-0.07361397003242738,-0.0028791071553460443,0.06659347356902987,-0.010001024155273756,-0.039072436412744965,-0.02612320499890212,-0.040845566932647154,0.03621597131703821,-0.05102342469502553,-0.048686670322305274,1.0,-0.006183332220984522,-0.038323346800779375,-0.03220625908416671,-0.041724574051759035,-0.03480167181931129,-0.06280531032429164,-0.012767204043485051,-0.04049256783563981,-0.01610576873730981,-0.048276631724276244,-0.040851764692544514,-0.013379070971797422,0.022687031620021697,0.0066726563588298754,-0.002935968797885181,-0.009341718902361898,-0.00934171890236192,-0.0029359687978851522,0.0066726563588299015,0.00987553141106827,-0.006138843850123513,-0.0029359687978851717,-0.006138843850123496,-0.006138843850123501,0.001926055370333192,-0.016274716923577973,0.0062595065090683315,0.011447617770757557,-0.040799388925847405,0.03181959134915614,0.06189518477381365,0.022708993158111673,-0.017801692474318714,-0.016134328025037333
category_dance,0.0063689381507097,-0.0009248372270571509,0.04202987144877238,-0.003435423757366868,0.002500858096008387,-0.008081788454293417,0.01050229366052499,0.0017086770184729578,-0.01675786175908541,-0.015990390602904875,-0.006183332220984522,1.0,-0.012586715840255253,-0.010577652141847955,-0.013703796797165324,-0.011430075672476968,-0.020627441502442886,-0.004193192473644712,-0.013299163239550124,-0.005289692874142756,-0.01585571971041315,-0.013417135941466655,-0.004394150787613293,-0.003996322517677485,0.015186025567174327,-0.013587496560103357,-0.013587496560103362,-0.003996322517677474,-0.003996322517677403,0.005594851524748475,-0.003996322517677431,0.005594851524748443,0.00559485152474844,0.015186025567174308,-0.003996322517677447,0.01804723126706113,-0.020618855530076734,0.013121089882776148,-0.010433189587998954,-0.006719387866260247,-0.009076432986076155,0.004522154345837129,-0.0031647398162530757,0.04061196208251622,0.00818559790019375
category_design,0.11214896427350732,0.00262906231170689,-0.029982031856995234,-0.007460974464677998,0.028095518530723222,0.08420399104520108,0.019256701040561944,0.013391319164009352,-0.10386266253872682,-0.09910599376746408,-0.038323346800779375,-0.012586715840255253,1.0,-0.06555866915808392,-0.08493403530266079,-0.07084185974496252,-0.12784572558274193,-0.025988765220238817,-0.08242617843818639,-0.03278470689273568,-0.09827132418600225,-0.08315735518997555,-0.0272342740953049,-0.03260314282461255,-0.035932825496062394,-0.005965681453014347,0.01734209724713409,-0.0026359987815646334,0.009017890568510068,0.010682731904234844,-0.012625046795913485,0.024001462590034,0.004023366561335209,0.009017890568509894,0.015677255911409466,-3.2295344964147235e-05,0.042623022627847854,-0.018871261926833482,-0.03233926541795179,0.09124800044228851,0.10539983945428255,-0.030347677798243367,-0.054355249765062424,-0.17513398899842583,-0.06734516901195069
category_fashion,-0.0307709793141776,-0.004280547716219775,0.11732415017858237,-0.014085965688124053,-0.07676625208583059,-0.029086278072818644,0.011996923217965073,-0.02745599872376196,-0.08728433443671889,-0.08328691459702636,-0.03220625908416671,-0.010577652141847955,-0.06555866915808392,1.0,-0.07137705274648976,-0.05953423903217255,-0.10743927408858989,-0.0218404960900639,-0.06926949443893521,-0.02755168460820434,-0.08258547312506966,-0.06988396237741797,-0.02288719959773345,0.022297805570813813,0.004847349037133394,-0.016480986726253432,-0.03393144325993378,-0.018419926341107024,0.02035886595596046,0.0009694698074267455,0.002908409422280069,-0.0009694698074265664,0.01648098672625361,-0.006786288651986841,0.008725228266840223,0.02279313095165777,0.03183051524398971,-0.0318305152439898,-0.026084718573193794,0.018613455504932173,0.01640400735187755,0.05033369676074594,0.041878137711557524,-0.07205957907473949,0.00016599045624511493
category_film&video,-0.14217640327950024,-0.00533893811647706,-0.03036749732381665,0.037473897476559,-0.016338698150135385,-0.04460562560678328,-0.12015888831007994,0.12534922035913543,-0.11308055574681226,-0.10790172887091425,-0.041724574051759035,-0.013703796797165324,-0.08493403530266079,-0.07137705274648976,1.0,-0.07712913066436325,-0.1391921345494143,-0.028295288628694893,-0.0897415667771912,-0.03569437548401539,-0.10699298170586294,-0.09053763604231929,-0.02965133739865165,0.007489941449417291,-0.012655418311084358,0.027635301209918826,0.0012913692154166974,-0.014205061369584519,0.0012913692154168628,0.0028410122739169043,0.001291369215416805,-0.006456846077083789,-0.011105775252584183,-0.006456846077083831,0.009039584507917354,0.002104247368853943,-0.05239355619576542,0.036645204044436996,0.019058586491259227,-0.13891034991575082,-0.03248091130638535,-0.009861663758215867,0.06291661604065052,0.18189805915613758,0.09479398768828028
category_food,-0.18256746936528784,-0.004701868302470139,0.0406718353419808,0.021893171710764516,-0.04997681525619802,-0.03840393207277076,-0.1240841257187776,0.1083885075634922,-0.09431833588915929,-0.08999877511616096,-0.03480167181931129,-0.011430075672476968,-0.07084185974496252,-0.05953423903217255,-0.07712913066436325,1.0,-0.11609750600231533,-0.02360056085095074,-0.07485173010169954,-0.029771998147878186,-0.08924080642927658,-0.07551571630024137,-0.024731615279558365,0.0031675852262842102,-0.00769270697811869,-0.014932901781054018,0.008597731328485668,-0.009502755678852542,0.006787682627751766,0.0013575365255503768,-0.0022625608759172114,-0.0004525121751834124,0.008597731328485656,-0.002262560875917282,0.008597731328485628,0.018223202260947344,-0.013796056546951093,-0.0021224702379924634,0.0008438374626536712,-0.10926530144688054,0.15309946635730848,0.12479242287480682,-0.0004538805278641502,-0.0074065170322249185,-0.03604732626842446
category_games,0.17100459678720742,0.03147362661881788,-0.17815423477601516,-0.007271371584418228,0.1732265537931213,0.17094047559309913,0.17647824245340002,-0.2009258815348271,-0.17021286751811693,-0.16241751342647073,-0.06280531032429164,-0.020627441502442886,-0.12784572558274193,-0.10743927408858989,-0.1391921345494143,-0.11609750600231533,1.0,-0.04259107308887364,-0.1350821926531341,-0.05372844133350414,-0.16104963492790222,-0.13628046437602773,-0.04463224584491809,-0.021751193899899296,0.09108906091704586,0.02156122714094821,0.027260229909480925,0.014722423818708991,-0.029729797775844898,-0.030869598329551363,-0.02175119389989927,-0.030869598329551554,0.010163221603883135,0.0033244182816440245,-0.03314919943696449,-0.017931507219699116,0.03653194628109687,-0.0449966655413516,0.03205935096798374,0.13849411243561488,-0.05312992505573277,-0.06375189058164266,-0.11514945414806999,-0.1432688737263657,0.009895961863663027
category_journalism,-0.09418441426237058,-0.001881372623978427,0.02051128812646512,0.018517343160489398,-0.02646900544182613,-0.015914119239824533,-0.04802278731929486,0.04142636402068564,-0.03460125265219738,-0.03301659562613747,-0.012767204043485051,-0.004193192473644712,-0.025988765220238817,-0.0218404960900639,-0.028295288628694893,-0.02360056085095074,-0.04259107308887364,1.0,-0.02745981044180684,-0.010922037800646663,-0.03273853022358244,-0.027703397799416055,-0.0090729428240825,0.009351718179520654,-0.0046758590897603616,-0.014027577269281024,-0.01870343635904146,-0.028055154538562155,1.0071372927789063e-16,0.014027577269281062,0.004675859089760401,-0.014027577269281053,0.023379295448801792,0.02337929544880173,0.004675859089760319,0.029388234913874635,0.030156119352322645,-0.03838051553931962,-0.022421487090918988,-0.10821299902957225,0.0012895054710788977,0.01922705539567631,0.0164222402108007,0.08340933958947988,0.031323925475311036
category_music,0.020613903178237296,-0.005536239249565462,-0.0204374352087033,-0.013730643470397931,-0.1114348301679632,-0.04154482862310918,-0.0872178077705637,0.059394189168043295,-0.10974161339045656,-0.10471570232133048,-0.04049256783563981,-0.013299163239550124,-0.08242617843818639,-0.06926949443893521,-0.0897415667771912,-0.07485173010169954,-0.1350821926531341,-0.02745981044180684,1.0,-0.03464042362288301,-0.10383378783658018,-0.08786432102516696,-0.028775819006395056,0.006355711110742352,-0.014300349999170067,-0.009533566666113404,-0.007944638888427854,-3.362747387451037e-17,0.01906713333222691,0.014300349999170157,-0.004766783333056693,-0.011122494443798961,-0.011122494443798992,0.0015889277776855665,0.0174782055545413,0.041425761810986964,-0.030742519044919852,-0.0065211404034681494,0.003386293819370114,-0.08281392201440778,-0.045825302520921374,-0.014318170910375143,0.08300355108330264,0.08222838904935022,0.035302213217258065
category_photography,-0.021893575233693077,-0.0020693514055103927,0.005940276194979037,-0.005570462060374396,-0.015096633784698993,-0.01899400729550687,-0.004041982223713301,-0.012001463327450656,-0.043649319877666994,-0.04165028238263292,-0.01610576873730981,-0.005289692874142756,-0.03278470689273568,-0.02755168460820434,-0.03569437548401539,-0.029771998147878186,-0.05372844133350414,-0.010922037800646663,-0.03464042362288301,1.0,-0.04129950416587195,-0.03494770794571715,-0.011445475328333432,0.0018627077601105553,0.0018627077601105586,-0.005588123280331547,0.0018627077601105686,0.013038954320773738,-0.001862707760110544,-0.009313538800552586,-0.0018627077601105282,0.027940616401658083,-0.013038954320773687,-0.005588123280331601,-0.00931353880055261,-0.0030352263755110535,-0.0021842184584919774,0.004368436916983893,0.0004962210888326164,0.004519098655138704,0.002956608004398145,-0.033805116773220206,0.01656587911038429,-0.028366194486026522,-0.032642064923946154
category_publishing,0.08293291941356887,-0.006285065456282152,0.07363652386777898,-0.023184788453675532,0.05427610292776815,-0.03992650347627508,-0.047946523284102746,0.0013662933063607978,-0.1308377249865591,-0.12484566099229523,-0.048276631724276244,-0.01585571971041315,-0.09827132418600225,-0.08258547312506966,-0.10699298170586294,-0.08924080642927658,-0.16104963492790222,-0.03273853022358244,-0.10383378783658018,-0.04129950416587195,1.0,-0.10475486477056975,-0.03430752088568364,-0.008266360723091956,-0.013777267871819997,0.0013777267871820586,0.009644087510274056,0.017910448233365926,-0.011021814297456094,-0.006888633935910044,0.015154994659001757,-0.0013777267871820532,0.0013777267871819614,-0.0027554535743639767,-0.0013777267871819463,-0.03720226785523092,-0.019386334305988243,0.04119596040022466,0.012845814323715322,-0.0020509994044789603,-0.01971511196252835,-0.057442449537987494,0.10095056573587363,0.20366085923852398,-0.0016412606994896963
category_technology,-0.28563684206806367,-0.0008406518225903233,-0.08402351355734639,0.08429920962505924,-0.001808917927280393,-0.0068705762122247705,-0.1295289057894908,0.15742590402089138,-0.11071509679021341,-0.10564460244184232,-0.040851764692544514,-0.013417135941466655,-0.08315735518997555,-0.06988396237741797,-0.09053763604231929,-0.07551571630024137,-0.13628046437602773,-0.027703397799416055,-0.08786432102516696,-0.03494770794571715,-0.10475486477056975,1.0,-0.02903108026282883,0.011171870934292052,-0.023526645849862225,-0.026681056466603504,-0.014063413999638268,-0.012486208691267705,0.012749076242662782,0.006440255009180141,-0.010909003382897072,0.012749076242662798,0.00013143377569758502,0.014326281551033307,0.030098334634739942,0.03215570410860125,0.03637226412138918,-0.02835803643362551,-0.047723614990234635,-0.10526218087874506,0.023363027181129585,0.07613354216661877,-0.1159089122779886,-0.026305163930250137,0.022387321266652962
category_theater,-0.024148909412231214,-0.0019778751278033916,0.018826968357114823,-0.004683676084350022,-0.026918923960841036,-0.017979484592209265,-0.03381508092334026,0.02080242582494358,-0.03625951409330505,-0.034598912543787615,-0.013379070971797422,-0.004394150787613293,-0.0272342740953049,-0.02288719959773345,-0.02965133739865165,-0.024731615279558365,-0.04463224584491809,-0.0090729428240825,-0.028775819006395056,-0.011445475328333432,-0.03430752088568364,-0.02903108026282883,1.0,0.03312117527517693,-0.01153658914079202,-0.016002365582388888,0.0018607401839987514,0.015258069508789395,-0.00260503625759812,-0.007070812699194999,0.0018607401839987703,-0.007070812699195009,-0.011536589140791927,-0.0026050362575981774,0.006326516625595573,0.017585717561967213,-0.008727645083964165,-0.024437406235100014,0.025082264711361327,-0.06297063525108812,0.005868198268369101,0.007663454352865162,0.009328901972290197,0.06685808390358511,0.01807820875696536
month_january,-0.04026374015146167,-0.0037921043267101565,0.015016688523711023,-0.00033546172331048806,-0.0360970734999496,-0.005145357048972891,0.01590070797987733,0.0292299509602268,0.01991548384518995,-0.022127167926148043,0.022687031620021697,-0.003996322517677485,-0.03260314282461255,0.022297805570813813,0.007489941449417291,0.0031675852262842102,-0.021751193899899296,0.009351718179520654,0.006355711110742352,0.0018627077601105553,-0.008266360723091956,0.011171870934292052,0.03312117527517693,1.0,-0.09090909090909112,-0.09090909090909104,-0.0909090909090911,-0.09090909090909104,-0.09090909090909088,-0.09090909090909076,-0.0909090909090908,-0.09090909090909086,-0.09090909090909084,-0.09090909090909063,-0.09090909090909073,-0.14813363449166952,-1.8925868720111834e-16,2.6200213792787655e-16,0.169525817893769,-0.03931516107106302,-0.020613811448526368,0.011167816299993695,0.0035989537401129377,-0.01109132652534531,-0.0004837683166724965
month_february,0.034850128030256534,-0.003892497994617865,0.0012258521243846976,-0.012314757225556866,0.014546475339571194,0.006190088388040103,0.022857267721073573,-0.051161290026810295,-0.006491787551746989,-0.013915023128814784,0.0066726563588298754,0.015186025567174327,-0.035932825496062394,0.004847349037133394,-0.012655418311084358,-0.00769270697811869,0.09108906091704586,-0.0046758590897603616,-0.014300349999170067,0.0018627077601105586,-0.013777267871819997,-0.023526645849862225,-0.01153658914079202,-0.09090909090909112,1.0,-0.09090909090909102,-0.09090909090909104,-0.090909090909091,-0.09090909090909104,-0.09090909090909079,-0.09090909090909083,-0.0909090909090909,-0.0909090909090909,-0.09090909090909077,-0.09090909090909093,-0.1481336344916697,8.575942995254654e-17,-8.850548410627986e-17,0.16952581789376894,0.030674466330169858,-0.007242690508941692,-0.016351110261907713,0.0042647458687835186,-0.026975712971599237,-0.030164086242803624
month_march,0.03078991893935278,-0.0038323848112848404,-0.007048649715211148,-0.006056115495575991,0.013040621643189396,-0.005087764560885576,0.032795210208496746,-0.02595637133047874,0.0027507574371809567,0.018933556060518417,-0.002935968797885181,-0.013587496560103357,-0.005965681453014347,-0.016480986726253432,0.027635301209918826,-0.014932901781054018,0.02156122714094821,-0.014027577269281024,-0.009533566666113404,-0.005588123280331547,0.0013777267871820586,-0.026681056466603504,-0.016002365582388888,-0.09090909090909104,-0.09090909090909102,1.0,-0.090909090909091,-0.09090909090909094,-0.09090909090909094,-0.0909090909090908,-0.09090909090909079,-0.09090909090909083,-0.09090909090909083,-0.09090909090909069,-0.09090909090909079,-0.1481336344916691,1.5638857771238403e-16,1.4634087667589145e-16,0.16952581789376894,0.01123290316316111,0.0061284304306429395,0.0022835452671319104,0.006827118969553549,-0.004185721019296698,0.004687826013231134
month_april,0.016579187121189966,-0.0023173545816288256,-0.02727520976755662,-0.007442357786261927,0.007476337605533212,0.01267262313871119,0.0288200332135274,0.009482329301548388,-0.01177324183113444,0.0011405756662962513,-0.009341718902361898,-0.013587496560103362,0.01734209724713409,-0.03393144325993378,0.0012913692154166974,0.008597731328485668,0.027260229909480925,-0.01870343635904146,-0.007944638888427854,0.0018627077601105686,0.009644087510274056,-0.014063413999638268,0.0018607401839987514,-0.0909090909090911,-0.09090909090909104,-0.090909090909091,1.0,-0.09090909090909093,-0.090909090909091,-0.0909090909090908,-0.09090909090909086,-0.0909090909090909,-0.0909090909090909,-0.09090909090909075,-0.09090909090909084,-0.1481336344916691,3.268090159559838e-16,-3.229867625443133e-17,0.16952581789376897,-0.0030242431593121674,0.0016713901174480455,0.01265395799609728,-0.0031095912522376788,-0.016474776663599765,-0.014692373712121204
month_may,0.02571465757572316,-0.002175471185753781,-0.007968038808499518,-0.004924975922814521,0.015119794045459961,0.012990598565897397,0.014906913731134785,-0.04264354026492382,-0.015734332540674984,0.029883082456962886,-0.00934171890236192,-0.003996322517677474,-0.0026359987815646334,-0.018419926341107024,-0.014205061369584519,-0.009502755678852542,0.014722423818708991,-0.028055154538562155,-3.362747387451037e-17,0.013038954320773738,0.017910448233365926,-0.012486208691267705,0.015258069508789395,-0.09090909090909104,-0.090909090909091,-0.09090909090909094,-0.09090909090909093,1.0,-0.09090909090909084,-0.09090909090909079,-0.09090909090909069,-0.09090909090909086,-0.09090909090909079,-0.09090909090909069,-0.09090909090909081,-0.1481336344916689,5.050453909932153e-16,-7.629268603759521e-17,0.16952581789376894,0.013825111585428825,0.006128430430642927,-0.0031000045637546753,0.00677287928493669,-0.00869862309312908,-0.006642216108726572
month_june,-0.008797119696957862,-0.0034704008164005468,0.007661575777403512,0.002132705753125219,-0.013128641527495995,-0.002598308984267082,-0.03677038720346646,-0.0010332593684543876,0.0014303938673341252,-0.007071569131037117,-0.0029359687978851522,-0.003996322517677403,0.009017890568510068,0.02035886595596046,0.0012913692154168628,0.006787682627751766,-0.029729797775844898,1.0071372927789063e-16,0.01906713333222691,-0.001862707760110544,-0.011021814297456094,0.012749076242662782,-0.00260503625759812,-0.09090909090909088,-0.09090909090909104,-0.09090909090909094,-0.090909090909091,-0.09090909090909084,1.0,-0.09090909090908988,-0.0909090909090904,-0.09090909090909069,-0.0909090909090907,-0.09090909090909102,-0.09090909090909083,0.10580973892262305,-6.000810871159445e-16,-7.799873170489716e-16,-0.12108986992412112,-0.02505801474858946,-0.005014170352344209,0.006237096077322652,-0.0004974984405675907,0.002758068745441968,0.013238756184008141
month_july,-0.00169175378787645,0.037105275720337505,0.0021452412176728346,0.011391403392046646,-0.020114327750914797,0.009862488262226254,0.006956559741196182,0.009598802146949172,0.0027507574371808895,0.007984029664073964,0.0066726563588299015,0.005594851524748475,0.010682731904234844,0.0009694698074267455,0.0028410122739169043,0.0013575365255503768,-0.030869598329551363,0.014027577269281062,0.014300349999170157,-0.009313538800552586,-0.006888633935910044,0.006440255009180141,-0.007070812699194999,-0.09090909090909076,-0.09090909090909079,-0.0909090909090908,-0.0909090909090908,-0.09090909090909079,-0.09090909090908988,1.0,-0.09090909090909043,-0.09090909090909065,-0.09090909090909062,-0.09090909090909088,-0.09090909090909068,0.10580973892262162,-7.881048436051513e-16,-7.236884449538179e-17,-0.1210898699241206,0.0073445905297589474,-0.016156771135331337,0.0071245191692602804,-0.007863925607582221,0.001966187325079303,-0.009200576261149167
month_august,-0.0006767015151504822,-0.00386100585988139,-0.007048649715211444,0.001167045533312463,-8.028840798230678e-05,-0.009121672212408649,-0.03080762171101231,0.01908551878850728,0.02915802883411788,-0.0015968059328148832,0.00987553141106827,-0.003996322517677431,-0.012625046795913485,0.002908409422280069,0.001291369215416805,-0.0022625608759172114,-0.02175119389989927,0.004675859089760401,-0.004766783333056693,-0.0018627077601105282,0.015154994659001757,-0.010909003382897072,0.0018607401839987703,-0.0909090909090908,-0.09090909090909083,-0.09090909090909079,-0.09090909090909086,-0.09090909090909069,-0.0909090909090904,-0.09090909090909043,1.0,-0.09090909090909083,-0.09090909090909065,-0.09090909090909097,-0.09090909090909063,0.10580973892262178,-5.208423452926097e-16,-5.507029064140151e-16,-0.12108986992412081,-0.00691255579271426,-0.0005571300391493558,0.0030289724683482595,-0.018625531032920157,0.018388423804027797,0.011812910521362567
month_september,-0.006767015151506009,-0.0021304341960852857,0.01133913215055726,-0.004999027507224578,0.015088868140163351,0.005633090615928111,-0.012919325233650289,0.014990955743801432,-0.0012103332723596395,0.02303962845918519,-0.006138843850123513,0.005594851524748443,0.024001462590034,-0.0009694698074265664,-0.006456846077083789,-0.0004525121751834124,-0.030869598329551554,-0.014027577269281053,-0.011122494443798961,0.027940616401658083,-0.0013777267871820532,0.012749076242662798,-0.007070812699195009,-0.09090909090909086,-0.0909090909090909,-0.09090909090909083,-0.0909090909090909,-0.09090909090909086,-0.09090909090909069,-0.09090909090909065,-0.09090909090909083,1.0,-0.09090909090909068,-0.09090909090909094,-0.09090909090909075,0.10580973892262169,-6.294210090683185e-16,-3.6482519918252275e-16,-0.12108986992412078,0.008640694740892728,0.0038999102740455106,-0.022000005949192127,0.0029724853827894047,0.004281284787088738,-0.005250776585365262
month_october,0.012518978030286308,-0.004702040432491594,0.01041974305726881,-0.005519275642859503,0.030547062957045904,-0.01835999399869352,0.0029813827462269573,-0.011088344942289052,-0.0170546961105218,0.003877957265407414,-0.0029359687978851717,0.00559485152474844,0.004023366561335209,0.01648098672625361,-0.011105775252584183,0.008597731328485656,0.010163221603883135,0.023379295448801792,-0.011122494443798992,-0.013038954320773687,0.0013777267871819614,0.00013143377569758502,-0.011536589140791927,-0.09090909090909084,-0.0909090909090909,-0.09090909090909083,-0.0909090909090909,-0.09090909090909079,-0.0909090909090907,-0.09090909090909062,-0.09090909090909065,-0.09090909090909068,1.0,-0.09090909090909094,-0.09090909090909073,0.10580973892262155,-6.876437063856244e-16,-9.482617060348557e-18,-0.12108986992412091,0.02419394527449948,0.01727103121363018,-0.0031606550452170745,-0.003512998906574182,-0.005665802990942012,-0.007298695291845857
month_november,-0.01691753787876557,-0.004140872284182494,0.0012258521243844285,-0.009338186470052485,-0.013078684295862683,-0.007605070026109726,-0.027826238964785248,0.00020362303593486622,0.0014303938673340586,-0.015283713928370257,-0.006138843850123496,0.015186025567174308,0.009017890568509894,-0.006786288651986841,-0.006456846077083831,-0.002262560875917282,0.0033244182816440245,0.02337929544880173,0.0015889277776855665,-0.005588123280331601,-0.0027554535743639767,0.014326281551033307,-0.0026050362575981774,-0.09090909090909063,-0.09090909090909077,-0.09090909090909069,-0.09090909090909075,-0.09090909090909069,-0.09090909090909102,-0.09090909090909088,-0.09090909090909097,-0.09090909090909094,-0.09090909090909094,1.0,-0.09090909090909054,0.10580973892262109,-2.542750907484694e-16,-3.491520554172262e-16,-0.12108986992412085,-0.0082086600038486,-0.02061381144852634,-0.013926320405063898,0.01171501854826815,0.02386813009439375,0.008798731808360598
month_december,-0.045339001515091126,-0.0027907092313004356,0.0003064630310960155,0.03623900309517204,-0.013320144248758003,0.000569277860534247,-0.01689450222861958,0.049291625955988495,-0.005171423981900149,-0.02486454952525916,-0.006138843850123501,-0.003996322517677447,0.015677255911409466,0.008725228266840223,0.009039584507917354,0.008597731328485628,-0.03314919943696449,0.004675859089760319,0.0174782055545413,-0.00931353880055261,-0.0013777267871819463,0.030098334634739942,0.006326516625595573,-0.09090909090909073,-0.09090909090909093,-0.09090909090909079,-0.09090909090909084,-0.09090909090909081,-0.09090909090909083,-0.09090909090909068,-0.09090909090909063,-0.09090909090909075,-0.09090909090909073,-0.09090909090909054,1.0,0.10580973892262087,-1.795411475888894e-16,-2.327638041060449e-17,-0.12108986992412092,-0.013393076848384228,0.03509919246640965,0.01604218894698167,-0.002541656554562468,0.021829868507880854,0.03519426799172164
year_2019,-0.05261286350314275,0.022009553944530497,-0.018334097629315788,0.0009155191469031865,-0.034959751889289084,-0.0018767210292470011,-0.062229610499318876,0.027027034151568773,-0.003816338417220567,-0.0491183934832285,0.001926055370333192,0.01804723126706113,-3.2295344964147235e-05,0.02279313095165777,0.002104247368853943,0.018223202260947344,-0.017931507219699116,0.029388234913874635,0.041425761810986964,-0.0030352263755110535,-0.03720226785523092,0.03215570410860125,0.017585717561967213,-0.14813363449166952,-0.1481336344916697,-0.1481336344916691,-0.1481336344916691,-0.1481336344916689,0.10580973892262305,0.10580973892262162,0.10580973892262178,0.10580973892262169,0.10580973892262155,0.10580973892262109,0.10580973892262087,1.0,-0.3474041668898267,-0.347404166889826,-0.19731230785181877,-0.03902102886020302,-0.0024641009707127392,0.03333893172423692,-0.009432001153937499,0.024690704044314057,0.025561189538255587
year_2020,-0.02360671016948146,-0.0062492513564549245,-0.006288795759997327,0.011801706199217086,-0.00033823003121089966,0.03598546102340865,-0.01806256929950075,-0.010516982216314218,0.000258043920696149,-0.02621389299428965,-0.016274716923577973,-0.020618855530076734,0.042623022627847854,0.03183051524398971,-0.05239355619576542,-0.013796056546951093,0.03653194628109687,0.030156119352322645,-0.030742519044919852,-0.0021842184584919774,-0.019386334305988243,0.03637226412138918,-0.008727645083964165,-1.8925868720111834e-16,8.575942995254654e-17,1.5638857771238403e-16,3.268090159559838e-16,5.050453909932153e-16,-6.000810871159445e-16,-7.881048436051513e-16,-5.208423452926097e-16,-6.294210090683185e-16,-6.876437063856244e-16,-2.542750907484694e-16,-1.795411475888894e-16,-0.3474041668898267,1.0,-0.49999999999999833,-0.2839809171235319,0.00430614789627723,-0.011759271821537473,-0.011171368299035981,-0.01937549726770804,-0.018971165752330408,-0.0008990209661775437
year_2021,0.04840367463322328,-0.008308533326606523,0.029287820253704036,-0.007726844830412928,0.02519918339748489,-0.024125408934400343,0.025054531608985693,0.005271335545332342,0.012644152114108883,0.050020387652369026,0.0062595065090683315,0.013121089882776148,-0.018871261926833482,-0.0318305152439898,0.036645204044436996,-0.0021224702379924634,-0.0449966655413516,-0.03838051553931962,-0.0065211404034681494,0.004368436916983893,0.04119596040022466,-0.02835803643362551,-0.024437406235100014,2.6200213792787655e-16,-8.850548410627986e-17,1.4634087667589145e-16,-3.229867625443133e-17,-7.629268603759521e-17,-7.799873170489716e-16,-7.236884449538179e-17,-5.507029064140151e-16,-3.6482519918252275e-16,-9.482617060348557e-18,-3.491520554172262e-16,-2.327638041060449e-17,-0.347404166889826,-0.49999999999999833,1.0,-0.28398091712353307,0.02786330991709978,0.015679029095383296,-0.030998670946008985,0.0166010511775856,0.0014072689593053929,-0.0026468037147444282
year_2022,0.026409809409480768,-0.00534414550599269,-0.010368413459012162,-0.006602208304984809,0.006120163677679985,-0.014018795739619878,0.061685472201298996,-0.023779660548297724,-0.01321963068604044,0.02376081584647789,0.011447617770757557,-0.010433189587998954,-0.03233926541795179,-0.026084718573193794,0.019058586491259227,0.0008438374626536712,0.03205935096798374,-0.022421487090918988,0.003386293819370114,0.0004962210888326164,0.012845814323715322,-0.047723614990234635,0.025082264711361327,0.169525817893769,0.16952581789376894,0.16952581789376894,0.16952581789376897,0.16952581789376894,-0.12108986992412112,-0.1210898699241206,-0.12108986992412081,-0.12108986992412078,-0.12108986992412091,-0.12108986992412085,-0.12108986992412092,-0.19731230785181877,-0.2839809171235319,-0.28398091712353307,1.0,0.0008056514637166771,-0.0025231088685309794,0.019328881768751843,0.014575960285875007,-0.004314827531502854,-0.024419172920271928
media,0.4622340878325118,0.008298023176164846,-0.02972390403948542,-0.06656600993758587,0.26245948843950256,0.07858614244153614,0.2004736928178205,-0.2561266606661942,0.06717146113952793,0.11364789404214864,-0.040799388925847405,-0.006719387866260247,0.09124800044228851,0.018613455504932173,-0.13891034991575082,-0.10926530144688054,0.13849411243561488,-0.10821299902957225,-0.08281392201440778,0.004519098655138704,-0.0020509994044789603,-0.10526218087874506,-0.06297063525108812,-0.03931516107106302,0.030674466330169858,0.01123290316316111,-0.0030242431593121674,0.013825111585428825,-0.02505801474858946,0.0073445905297589474,-0.00691255579271426,0.008640694740892728,0.02419394527449948,-0.0082086600038486,-0.013393076848384228,-0.03902102886020302,0.00430614789627723,0.02786330991709978,0.0008056514637166771,1.0,0.030498796742153684,-0.1289319473463962,-0.09022510725417691,-0.18785497656256253,-0.09479082360141018
sustainability,-0.019792121408631316,-0.0007617073255534175,0.05123558733456888,0.008494310382563205,0.12550974384001987,0.016578332491458053,-0.05298038016846142,0.049585442317275095,-0.033418279127348766,-0.06364898310221417,0.03181959134915614,-0.009076432986076155,0.10539983945428255,0.01640400735187755,-0.03248091130638535,0.15309946635730848,-0.05312992505573277,0.0012895054710788977,-0.045825302520921374,0.002956608004398145,-0.01971511196252835,0.023363027181129585,0.005868198268369101,-0.020613811448526368,-0.007242690508941692,0.0061284304306429395,0.0016713901174480455,0.006128430430642927,-0.005014170352344209,-0.016156771135331337,-0.0005571300391493558,0.0038999102740455106,0.01727103121363018,-0.02061381144852634,0.03509919246640965,-0.0024641009707127392,-0.011759271821537473,0.015679029095383296,-0.0025231088685309794,0.030498796742153684,1.0,0.028969793233422456,-0.025012746718382557,-0.014409366104341187,0.01197416300817441
